4096
2049
2050
4099
2060
2064
10261
4120
2040
12317
2080
4136
4142
4144
4145
4148
2107
60
4161
68
2119
2121
4178
83
2133
6237
4190
8294
2154
4206
4207
115
116
119
12409
8314
12424
137
10392
10399
8352
4277
4278
4281
2248
2254
2255
8402
213
12501
2264
6369
230
231
6374
6375
6379
2284
2285
2290
2296
4346
2302
4350
8449
4357
263
12554
267
2321
6419
6422
287
6444
8492
6448
12592
306
6450
6455
6457
8506
6459
324
4420
6472
329
2378
6481
2386
4437
344
358
8551
2411
367
2416
2417
6512
8559
6516
10613
375
6519
12679
2447
2462
4515
2472
8619
430
12735
448
2501
460
6609
6610
12761
474
2530
2535
499
2553
507
2556
4610
2563
4612
520
4620
8718
10766
528
529
12814
4627
4628
12822
10775
4632
16929
10791
16941
558
8752
16944
4659
16954
577
584
2632
10824
16969
16974
6736
599
16983
601
19031
19032
2652
2653
19033
19036
19037
16993
6754
19038
4711
4712
17001
19047
2669
4718
19055
6775
637
638
12929
2690
654
6800
2705
664
15001
669
2718
4772
17060
17066
19117
17078
700
13000
15048
4810
4811
4815
17112
4840
4841
771
15108
4869
2823
4871
790
6936
15138
4901
8997
810
813
6957
4911
6963
17204
6965
2874
2881
9025
2883
2888
845
9040
854
858
860
4966
873
2921
9066
4973
878
2931
2932
2935
2936
2939
893
895
4995
909
5008
916
924
2978
7074
939
950
955
5052
957
9162
9165
17357
9172
3030
9175
9177
995
999
15339
7148
5104
13303
7163
7168
1032
3081
1036
1043
11289
7201
5159
5160
3116
5171
9268
3127
7225
1086
3137
15432
3146
5197
9307
7260
15454
3169
1122
15462
3179
3185
9330
11389
3203
17541
3219
3222
3223
3224
3239
9392
1203
7347
3253
1215
1226
3276
13520
1235
9432
7393
3300
17642
5355
9452
3311
3334
5392
1297
1306
1308
3357
5405
1311
1312
1313
7464
13609
9515
3379
3390
1347
3398
1365
5461
7516
7517
11612
1384
5493
15745
9604
11654
5511
7565
5524
5525
3480
1442
3491
3493
11698
1459
13748
3521
3522
3523
15812
3530
1496
3544
3547
3550
11744
7663
7664
5631
1544
1545
3594
3595
7690
3600
1554
3605
5653
3608
3609
3610
3611
3612
3613
1566
11806
3616
13851
9763
1573
7718
5676
5680
3643
1601
1602
3650
5697
5698
9802
5743
13939
3700
16006
7817
5778
1686
1699
3748
1708
11956
5821
5826
5827
1733
5835
1749
3801
3803
3806
3810
3812
3814
7912
1769
1770
3820
5871
3824
3825
5873
12019
3829
3830
7926
7928
7933
3839
3840
3842
7941
5896
7952
1810
12052
1813
7961
3878
5932
5933
10032
3908
3934
1891
8038
3943
5992
1899
3956
1917
1922
3977
6027
3997
6046
8096
10158
8112
10161
10163
8118
6072
10176
1988
1990
1991
10191
4048
4052
4053
10204
4066
4069
2028
8172
12270
4086
4088
4091
2046
