60
68
83
115
116
119
137
213
230
231
263
267
287
324
329
344
358
367
375
430
448
474
499
507
510
520
528
529
558
577
584
599
637
638
654
664
771
810
813
854
858
860
873
878
893
895
909
916
924
939
950
955
995
999
1032
1043
1062
1086
1122
1203
1226
1235
1297
1306
1308
1311
1312
1313
1347
1365
1384
1442
1459
1496
1544
1545
1554
1566
1601
1602
1686
1699
1733
1749
1769
1770
1810
1813
1891
1899
1922
1988
1990
1991
1992
2028
2040
2060
2064
2080
2121
2133
2254
2255
2264
2290
2296
2302
2321
2378
2386
2411
2416
2417
2447
2462
2472
2501
2530
2535
2553
2556
2563
2632
2652
2653
2669
2690
2705
2874
2881
2883
2888
2921
2931
2932
2978
3030
3081
3116
3137
3146
3169
3179
3185
3189
3203
3219
3222
3223
3224
3239
3253
3311
3334
3357
3379
3390
3398
3480
3491
3493
3521
3522
3523
3530
3544
3547
3550
3594
3595
3600
3605
3608
3609
3610
3611
3612
3613
3616
3635
3643
3650
3669
3700
3801
3803
3806
3810
3812
3814
3820
3824
3825
3829
3830
3839
3840
3842
3878
3908
3934
3943
3956
3977
3997
4048
4052
4053
4066
4069
4086
4088
4096
4099
4120
4136
4142
4144
4145
4148
4161
4178
4190
4206
4207
4277
4278
4281
4346
4357
4420
4437
4515
4610
4612
4627
4628
4632
4711
4718
4772
4810
4811
4815
4840
4841
4869
4871
4901
4911
4966
4973
4995
5008
5052
5104
5159
5160
5171
5197
5355
5392
5405
5461
5493
5511
5524
5525
5631
5653
5680
5697
5698
5743
5778
5826
5835
5871
5873
5896
5932
5933
5992
6027
6046
6237
6369
6375
6379
6419
6422
6444
6448
6450
6455
6457
6459
6472
6481
6512
6516
6519
6609
6610
6736
6738
6754
6775
6800
6936
6957
6963
6965
7074
7148
7163
7168
7201
7260
7393
7464
7516
7517
7565
7663
7664
7690
7718
7817
7912
7926
7928
7933
7941
7952
7961
8038
8096
8112
8118
8172
8251
8294
8314
8352
8402
8449
8492
8506
8551
8559
8619
8718
8752
9025
9040
9066
9162
9165
9172
9175
9177
9268
9307
9330
9392
9432
9452
9515
9604
9763
9802
10032
10158
10161
10163
10176
10191
10204
10230
10261
10392
10399
10613
10766
10824
11289
11389
11612
11654
11698
11744
11806
11956
12019
12052
12270
12317
12409
12424
12501
12554
12679
12735
12761
12814
12822
12929
13000
13303
13520
13609
13748
13939
15001
15048
15108
15138
15339
15432
15454
15462
15745
15812
16006
16929
16941
16944
16954
16969
16974
16983
16993
17001
17060
17066
17078
17112
17204
17357
17541
17642
19031
19032
19033
19036
19037
19038
19047
19055
19117
